0 0.000000 -0.000000 -0.000000 0.000000 0.000000 -0.000000 0.002400
100 0.000000 0.000000 -0.000017 -0.000000 0.000001 0.000000 0.002383
200 0.000002 0.000000 0.000001 -0.000000 0.000002 0.000000 0.002401
300 0.000004 0.000000 -0.000013 -0.000000 0.000003 0.000000 0.002387
400 0.000007 0.000000 0.000006 -0.000000 0.000004 0.000000 0.002406
500 0.000011 0.000000 -0.000005 -0.000000 0.000004 0.000000 0.002395
600 0.000016 0.000000 0.000015 -0.000000 0.000005 0.000000 0.002415
700 0.000021 0.000000 0.000005 -0.000000 0.000006 0.000000 0.002405
800 0.000027 0.000001 0.000026 0.000000 0.000006 0.000000 0.002426
900 0.000034 0.000001 0.000018 0.000000 0.000007 0.000000 0.002418
1000 0.000041 0.000001 0.000039 0.000001 0.000007 0.000000 0.002439
1100 0.000048 0.000001 0.000033 0.000001 0.000007 0.000000 0.002433
1200 0.000055 0.000002 0.000054 0.000002 0.000007 0.000000 0.002454
1300 0.000062 0.000002 0.000048 0.000002 0.000007 0.000000 0.002448
1400 0.000070 0.000003 0.000068 0.000003 0.000007 0.000000 0.002468
1500 0.000077 0.000003 0.000063 0.000004 0.000007 0.000001 0.002463
1600 0.000084 0.000004 0.000082 0.000004 0.000007 0.000001 0.002482
1700 0.000090 0.000004 0.000077 0.000005 0.000006 0.000001 0.002477
1800 0.000096 0.000005 0.000095 0.000006 0.000006 0.000001 0.002495
1900 0.000102 0.000006 0.000089 0.000008 0.000005 0.000001 0.002489
2000 0.000107 0.000006 0.000105 0.000009 0.000004 0.000001 0.002505
2100 0.000111 0.000007 0.000098 0.000010 0.000004 0.000001 0.002498
2200 0.000114 0.000008 0.000112 0.000011 0.000003 0.000001 0.002512
2300 0.000117 0.000009 0.000105 0.000013 0.000002 0.000001 0.002505
2400 0.000118 0.000009 0.000116 0.000014 0.000001 0.000001 0.002516
2500 0.000119 0.000010 0.000108 0.000015 0.000000 0.000001 0.002508
2600 0.000119 0.000011 0.000116 0.000017 -0.000001 0.000001 0.002516
2700 0.000117 0.000012 0.000107 0.000018 -0.000002 0.000001 0.002507
2800 0.000115 0.000013 0.000113 0.000020 -0.000003 0.000001 0.002513
2900 0.000112 0.000014 0.000103 0.000021 -0.000003 0.000001 0.002503
3000 0.000109 0.000014 0.000106 0.000023 -0.000004 0.000001 0.002506
3100 0.000104 0.000015 0.000095 0.000024 -0.000005 0.000001 0.002495
3200 0.000099 0.000016 0.000095 0.000026 -0.000006 0.000001 0.002495
3300 0.000093 0.000016 0.000084 0.000028 -0.000006 0.000001 0.002484
3400 0.000086 0.000017 0.000083 0.000029 -0.000007 0.000001 0.002483
3500 0.000079 0.000018 0.000071 0.000031 -0.000007 0.000001 0.002471
3600 0.000072 0.000018 0.000069 0.000032 -0.000008 0.000000 0.002469
3700 0.000064 0.000019 0.000057 0.000033 -0.000008 0.000000 0.002457
3800 0.000056 0.000019 0.000055 0.000034 -0.000008 0.000000 0.002455
3900 0.000049 0.000019 0.000042 0.000035 -0.000008 0.000000 0.002442
4000 0.000041 0.000020 0.000039 0.000036 -0.000008 0.000000 0.002439
4100 0.000033 0.000020 0.000027 0.000037 -0.000007 0.000000 0.002427
4200 0.000026 0.000020 0.000024 0.000038 -0.000007 0.000000 0.002424
4300 0.000020 0.000020 0.000014 0.000039 -0.000006 0.000000 0.002414
4400 0.000013 0.000020 0.000010 0.000040 -0.000006 0.000000 0.002410
4500 0.000008 0.000020 0.000001 0.000041 -0.000005 0.000000 0.002401
4600 0.000003 0.000020 -0.000001 0.000041 -0.000005 -0.000000 0.002399
4700 -0.000001 0.000020 -0.000007 0.000042 -0.000004 -0.000000 0.002393
4800 -0.000005 0.000020 -0.000009 0.000043 -0.000003 -0.000000 0.002391
4900 -0.000007 0.000020 -0.000012 0.000043 -0.000002 -0.000000 0.002388
5000 -0.000009 0.000020 -0.000013 0.000044 -0.000001 -0.000000 0.002387
5100 -0.000009 0.000020 -0.000013 0.000045 -0.000000 -0.000000 0.002387
5200 -0.000009 0.000020 -0.000014 0.000045 0.000001 -0.000000 0.002386
5300 -0.000008 0.000020 -0.000010 0.000046 0.000002 -0.000000 0.002390
5400 -0.000006 0.000020 -0.000011 0.000046 0.000003 -0.000000 0.002389
5500 -0.000003 0.000020 -0.000004 0.000047 0.000003 -0.000000 0.002396
5600 0.000001 0.000019 -0.000004 0.000047 0.000004 -0.000000 0.002396
5700 0.000006 0.000019 0.000005 0.000048 0.000005 -0.000000 0.002405
5800 0.000011 0.000019 0.000006 0.000049 0.000006 0.000000 0.002406
5900 0.000017 0.000020 0.000017 0.000049 0.000006 0.000000 0.002417
6000 0.000024 0.000020 0.000019 0.000050 0.000007 0.000000 0.002419
6100 0.000031 0.000020 0.000031 0.000051 0.000007 0.000000 0.002431
6200 0.000038 0.000020 0.000033 0.000052 0.000007 0.000000 0.002433
6300 0.000045 0.000020 0.000046 0.000053 0.000007 0.000000 0.002446
6400 0.000053 0.000020 0.000048 0.000055 0.000007 0.000000 0.002448
6500 0.000060 0.000021 0.000062 0.000056 0.000007 0.000000 0.002462
6600 0.000067 0.000021 0.000063 0.000058 0.000007 0.000000 0.002463
6700 0.000075 0.000022 0.000076 0.000059 0.000007 0.000000 0.002476
6800 0.000081 0.000022 0.000077 0.000061 0.000006 0.000000 0.002477
6900 0.000088 0.000022 0.000089 0.000063 0.000006 0.000001 0.002489
7000 0.000093 0.000023 0.000088 0.000065 0.000005 0.000001 0.002488
7100 0.000098 0.000024 0.000101 0.000067 0.000005 0.000001 0.002501
7200 0.000103 0.000024 0.000099 0.000069 0.000004 0.000001 0.002499
7300 0.000106 0.000025 0.000110 0.000071 0.000003 0.000001 0.002510
7400 0.000109 0.000026 0.000105 0.000073 0.000002 0.000001 0.002505
7500 0.000111 0.000026 0.000116 0.000076 0.000001 0.000001 0.002516
7600 0.000112 0.000027 0.000108 0.000078 0.000000 0.000001 0.002508
7700 0.000112 0.000028 0.000117 0.000081 -0.000000 0.000001 0.002517
7800 0.000111 0.000028 0.000108 0.000083 -0.000001 0.000001 0.002508
7900 0.000109 0.000029 0.000115 0.000086 -0.000002 0.000001 0.002515
8000 0.000106 0.000030 0.000104 0.000089 -0.000003 0.000001 0.002504
8100 0.000102 0.000030 0.000108 0.000092 -0.000004 0.000001 0.002508
8200 0.000098 0.000031 0.000096 0.000094 -0.000005 0.000001 0.002496
8300 0.000092 0.000031 0.000099 0.000097 -0.000006 0.000001 0.002499
8400 0.000086 0.000032 0.000085 0.000100 -0.000006 0.000000 0.002485
8500 0.000080 0.000032 0.000088 0.000103 -0.000007 0.000000 0.002488
8600 0.000073 0.000033 0.000071 0.000105 -0.000007 0.000000 0.002471
8700 0.000066 0.000033 0.000074 0.000108 -0.000007 0.000000 0.002474
8800 0.000058 0.000033 0.000056 0.000111 -0.000008 0.000000 0.002456
8900 0.000050 0.000034 0.000059 0.000113 -0.000008 0.000000 0.002459
9000 0.000043 0.000034 0.000041 0.000116 -0.000008 0.000000 0.002441
9100 0.000035 0.000034 0.000043 0.000119 -0.000008 0.000000 0.002443
9200 0.000027 0.000034 0.000025 0.000121 -0.000007 0.000000 0.002425
9300 0.000020 0.000034 0.000029 0.000123 -0.000007 -0.000000 0.002429
9400 0.000013 0.000034 0.000010 0.000126 -0.000007 -0.000000 0.002410
9500 0.000007 0.000034 0.000016 0.000128 -0.000006 -0.000000 0.002416
9600 0.000001 0.000034 -0.000003 0.000131 -0.000005 -0.000000 0.002397
9700 -0.000004 0.000033 0.000006 0.000133 -0.000005 -0.000000 0.002406
9800 -0.000008 0.000033 -0.000012 0.000135 -0.000004 -0.000000 0.002388
9900 -0.000012 0.000033 -0.000001 0.000138 -0.000003 -0.000000 0.002399
10000 -0.000015 0.000033 -0.000016 0.000140 -0.000002 -0.000000 0.002384
10100 -0.000016 0.000032 -0.000005 0.000142 -0.000001 -0.000000 0.002395
10200 -0.000017 0.000032 -0.000018 0.000144 -0.000000 -0.000000 0.002382
10300 -0.000017 0.000032 -0.000005 0.000146 0.000001 -0.000000 0.002395
10400 -0.000016 0.000031 -0.000016 0.000148 0.000002 -0.000000 0.002384
10500 -0.000014 0.000031 -0.000002 0.000150 0.000002 -0.000000 0.002398
10600 -0.000011 0.000031 -0.000010 0.000152 0.000003 -0.000000 0.002390
10700 -0.000007 0.000030 0.000006 0.000155 0.000004 -0.000000 0.002406
10800 -0.000003 0.000030 -0.000002 0.000157 0.000005 -0.000000 0.002398
10900 0.000003 0.000030 0.000015 0.000159 0.000006 -0.000000 0.002415
11000 0.000009 0.000029 0.000010 0.000161 0.000006 -0.000000 0.002410
11100 0.000015 0.000029 0.000029 0.000164 0.000007 -0.000000 0.002429
11200 0.000022 0.000029 0.000023 0.000166 0.000007 -0.000000 0.002423
11300 0.000029 0.000029 0.000043 0.000168 0.000007 -0.000000 0.002443
11400 0.000036 0.000029 0.000038 0.000171 0.000007 -0.000000 0.002438
11500 0.000044 0.000029 0.000059 0.000173 0.000008 0.000000 0.002459
11600 0.000052 0.000029 0.000053 0.000176 0.000007 0.000000 0.002453
11700 0.000059 0.000029 0.000074 0.000179 0.000007 0.000000 0.002474
11800 0.000066 0.000029 0.000068 0.000181 0.000007 0.000000 0.002468
11900 0.000073 0.000029 0.000089 0.000185 0.000007 0.000000 0.002489
12000 0.000079 0.000030 0.000082 0.000188 0.000006 0.000000 0.002482
12100 0.000085 0.000030 0.000101 0.000191 0.000006 0.000000 0.002501
12200 0.000090 0.000030 0.000093 0.000194 0.000005 0.000000 0.002493
12300 0.000095 0.000030 0.000111 0.000198 0.000004 0.000000 0.002511
12400 0.000099 0.000031 0.000101 0.000202 0.000003 0.000000 0.002501
12500 0.000102 0.000031 0.000119 0.000205 0.000002 0.000000 0.002519
12600 0.000104 0.000031 0.000106 0.000210 0.000002 0.000000 0.002506
12700 0.000105 0.000032 0.000123 0.000214 0.000001 0.000000 0.002523
12800 0.000105 0.000032 0.000107 0.000218 -0.000000 0.000000 0.002507
12900 0.000104 0.000032 0.000123 0.000222 -0.000001 0.000000 0.002523
13000 0.000102 0.000033 0.000105 0.000227 -0.000002 0.000000 0.002505
13100 0.000100 0.000033 0.000118 0.000231 -0.000003 0.000000 0.002518
13200 0.000096 0.000033 0.000099 0.000235 -0.000004 0.000000 0.002499
13300 0.000092 0.000034 0.000110 0.000240 -0.000005 0.000000 0.002510
13400 0.000087 0.000034 0.000090 0.000245 -0.000005 0.000000 0.002490
13500 0.000081 0.000034 0.000100 0.000250 -0.000006 0.000000 0.002500
13600 0.000075 0.000034 0.000078 0.000255 -0.000007 0.000000 0.002478
13700 0.000068 0.000034 0.000086 0.000260 -0.000007 -0.000000 0.002486
13800 0.000061 0.000034 0.000064 0.000265 -0.000007 -0.000000 0.002464
13900 0.000053 0.000034 0.000072 0.000269 -0.000008 -0.000000 0.002472
14000 0.000045 0.000034 0.000048 0.000275 -0.000008 -0.000000 0.002448
14100 0.000038 0.000033 0.000056 0.000280 -0.000008 -0.000000 0.002456
14200 0.000030 0.000033 0.000033 0.000285 -0.000008 -0.000000 0.002433
14300 0.000022 0.000033 0.000041 0.000290 -0.000007 -0.000000 0.002441
14400 0.000015 0.000032 0.000016 0.000296 -0.000007 -0.000000 0.002416
14500 0.000008 0.000032 0.000026 0.000301 -0.000007 -0.000001 0.002426
14600 0.000002 0.000031 0.000005 0.000306 -0.000006 -0.000001 0.002405
14700 -0.000004 0.000031 0.000014 0.000312 -0.000006 -0.000001 0.002414
14800 -0.000009 0.000030 -0.000006 0.000317 -0.000005 -0.000001 0.002394
14900 -0.000014 0.000029 0.000004 0.000322 -0.000004 -0.000001 0.002404
15000 -0.000017 0.000029 -0.000014 0.000328 -0.000003 -0.000001 0.002386
15100 -0.000020 0.000028 -0.000003 0.000334 -0.000002 -0.000001 0.002397
15200 -0.000022 0.000027 -0.000020 0.000338 -0.000001 -0.000001 0.002380
15300 -0.000023 0.000026 -0.000006 0.000344 -0.000000 -0.000001 0.002394
15400 -0.000023 0.000026 -0.000022 0.000350 0.000001 -0.000001 0.002378
15500 -0.000022 0.000025 -0.000004 0.000355 0.000001 -0.000001 0.002396
15600 -0.000020 0.000024 -0.000018 0.000360 0.000002 -0.000001 0.002382
15700 -0.000017 0.000023 0.000002 0.000366 0.000003 -0.000001 0.002402
15800 -0.000013 0.000022 -0.000010 0.000370 0.000004 -0.000001 0.002390
15900 -0.000009 0.000021 0.000010 0.000375 0.000005 -0.000001 0.002410
16000 -0.000004 0.000021 -0.000000 0.000381 0.000006 -0.000001 0.002400
16100 0.000002 0.000020 0.000020 0.000386 0.000006 -0.000001 0.002420
16200 0.000009 0.000019 0.000013 0.000390 0.000007 -0.000001 0.002413
16300 0.000016 0.000018 0.000033 0.000396 0.000007 -0.000001 0.002433
16400 0.000023 0.000018 0.000018 0.000401 0.000007 -0.000001 0.002418
16500 0.000030 0.000017 0.000048 0.000405 0.000008 -0.000001 0.002448
16600 0.000038 0.000017 0.000034 0.000411 0.000008 -0.000001 0.002434
16700 0.000046 0.000016 0.000064 0.000416 0.000008 -0.000001 0.002464
16800 0.000053 0.000015 0.000052 0.000420 0.000007 -0.000000 0.002452
16900 0.000060 0.000015 0.000079 0.000426 0.000007 -0.000000 0.002479
17000 0.000067 0.000015 0.000071 0.000431 0.000007 -0.000000 0.002471
17100 0.000074 0.000014 0.000089 0.000436 0.000006 -0.000000 0.002489
17200 0.000080 0.000014 0.000085 0.000442 0.000006 -0.000000 0.002485
17300 0.000086 0.000013 0.000099 0.000447 0.000005 -0.000000 0.002499
17400 0.000090 0.000013 0.000094 0.000452 0.000004 -0.000000 0.002494
17500 0.000094 0.000013 0.000112 0.000459 0.000004 -0.000000 0.002512
17600 0.000097 0.000012 0.000095 0.000463 0.000003 -0.000000 0.002495
17700 0.000100 0.000012 0.000110 0.000469 0.000002 -0.000000 0.002510
17800 0.000101 0.000012 0.000100 0.000474 0.000001 -0.000000 0.002500
17900 0.000101 0.000011 0.000113 0.000479 -0.000000 -0.000000 0.002513
18000 0.000101 0.000011 0.000100 0.000485 -0.000001 -0.000000 0.002501
18100 0.000099 0.000011 0.000113 0.000490 -0.000002 -0.000000 0.002513
18200 0.000097 0.000010 0.000098 0.000495 -0.000003 -0.000000 0.002498
18300 0.000093 0.000010 0.000108 0.000502 -0.000004 -0.000000 0.002508
18400 0.000089 0.000009 0.000094 0.000506 -0.000005 -0.000001 0.002494
18500 0.000084 0.000009 0.000100 0.000512 -0.000005 -0.000001 0.002500
18600 0.000079 0.000008 0.000085 0.000518 -0.000006 -0.000001 0.002485
18700 0.000072 0.000007 0.000091 0.000523 -0.000007 -0.000001 0.002491
18800 0.000065 0.000007 0.000073 0.000530 -0.000007 -0.000001 0.002474
18900 0.000058 0.000006 0.000079 0.000536 -0.000007 -0.000001 0.002479
19000 0.000051 0.000005 0.000058 0.000541 -0.000008 -0.000001 0.002458
19100 0.000043 0.000004 0.000063 0.000549 -0.000008 -0.000001 0.002463
19200 0.000035 0.000003 0.000045 0.000554 -0.000008 -0.000001 0.002445
19300 0.000028 0.000002 0.000048 0.000561 -0.000008 -0.000001 0.002448
19400 0.000020 0.000001 0.000030 0.000568 -0.000007 -0.000001 0.002430
19500 0.000013 -0.000001 0.000034 0.000574 -0.000007 -0.000001 0.002434
19600 0.000006 -0.000002 0.000016 0.000582 -0.000007 -0.000001 0.002416
19700 -0.000001 -0.000003 0.000022 0.000587 -0.000006 -0.000001 0.002422
19800 -0.000007 -0.000005 0.000003 0.000594 -0.000006 -0.000001 0.002403
19900 -0.000012 -0.000006 0.000011 0.000602 -0.000005 -0.000002 0.002411
20000 -0.000017 -0.000008 -0.000006 0.000607 -0.000004 -0.000002 0.002394
20100 -0.000020 -0.000009 0.000003 0.000615 -0.000003 -0.000002 0.002403
20200 -0.000023 -0.000011 -0.000012 0.000620 -0.000002 -0.000002 0.002389
20300 -0.000025 -0.000013 -0.000009 0.000628 -0.000001 -0.000002 0.002392
20400 -0.000026 -0.000014 -0.000014 0.000635 -0.000000 -0.000002 0.002386
20500 -0.000026 -0.000016 -0.000007 0.000641 0.000000 -0.000002 0.002393
20600 -0.000025 -0.000018 -0.000013 0.000650 0.000001 -0.000002 0.002388
20700 -0.000023 -0.000020 -0.000003 0.000655 0.000002 -0.000002 0.002397
20800 -0.000020 -0.000022 -0.000018 0.000663 0.000003 -0.000002 0.002382
20900 -0.000017 -0.000023 0.000003 0.000670 0.000004 -0.000002 0.002404
21000 -0.000012 -0.000025 -0.000004 0.000677 0.000005 -0.000002 0.002396
21100 -0.000007 -0.000027 0.000013 0.000684 0.000006 -0.000002 0.002413
21200 -0.000001 -0.000029 0.000012 0.000689 0.000006 -0.000002 0.002413
21300 0.000005 -0.000030 0.000025 0.000698 0.000007 -0.000002 0.002425
21400 0.000012 -0.000032 0.000033 0.000701 0.000007 -0.000002 0.002433
21500 0.000020 -0.000034 0.000039 0.000709 0.000007 -0.000002 0.002439
21600 0.000027 -0.000036 0.000046 0.000712 0.000008 -0.000002 0.002446
21700 0.000035 -0.000037 0.000055 0.000719 0.000008 -0.000002 0.002455
21800 0.000043 -0.000039 0.000061 0.000723 0.000008 -0.000002 0.002461
21900 0.000050 -0.000040 0.000068 0.000727 0.000008 -0.000002 0.002468
22000 0.000058 -0.000042 0.000075 0.000732 0.000007 -0.000002 0.002475
22100 0.000065 -0.000044 0.000085 0.000735 0.000007 -0.000002 0.002485
22200 0.000072 -0.000045 0.000090 0.000740 0.000007 -0.000002 0.002490
22300 0.000078 -0.000047 0.000098 0.000741 0.000006 -0.000001 0.002498
22400 0.000084 -0.000048 0.000102 0.000746 0.000005 -0.000001 0.002502
22500 0.000089 -0.000050 0.000109 0.000745 0.000005 -0.000001 0.002509
22600 0.000093 -0.000051 0.000110 0.000750 0.000004 -0.000001 0.002511
22700 0.000096 -0.000052 0.000117 0.000746 0.000003 -0.000001 0.002517
22800 0.000099 -0.000054 0.000117 0.000750 0.000002 -0.000001 0.002518
22900 0.000100 -0.000055 0.000119 0.000744 0.000001 -0.000001 0.002519
23000 0.000101 -0.000057 0.000120 0.000747 0.000000 -0.000002 0.002520
23100 0.000101 -0.000058 0.000119 0.000740 -0.000001 -0.000002 0.002519
23200 0.000099 -0.000060 0.000117 0.000742 -0.000002 -0.000002 0.002517
23300 0.000097 -0.000062 0.000115 0.000733 -0.000003 -0.000002 0.002515
23400 0.000094 -0.000063 0.000107 0.000736 -0.000004 -0.000002 0.002507
23500 0.000090 -0.000065 0.000109 0.000725 -0.000004 -0.000002 0.002509
23600 0.000085 -0.000067 0.000100 0.000727 -0.000005 -0.000002 0.002500
23700 0.000080 -0.000069 0.000098 0.000713 -0.000006 -0.000002 0.002498
23800 0.000074 -0.000070 0.000089 0.000714 -0.000006 -0.000002 0.002489
23900 0.000067 -0.000072 0.000084 0.000699 -0.000007 -0.000002 0.002484
24000 0.000060 -0.000074 0.000076 0.000698 -0.000007 -0.000002 0.002476
24100 0.000053 -0.000077 0.000069 0.000681 -0.000008 -0.000002 0.002469
24200 0.000045 -0.000079 0.000060 0.000678 -0.000008 -0.000002 0.002460
24300 0.000038 -0.000081 0.000054 0.000663 -0.000008 -0.000002 0.002454
24400 0.000030 -0.000083 0.000045 0.000658 -0.000008 -0.000002 0.002446
24500 0.000022 -0.000086 0.000039 0.000646 -0.000007 -0.000002 0.002439
24600 0.000015 -0.000088 0.000031 0.000635 -0.000007 -0.000003 0.002431
24700 0.000008 -0.000091 0.000024 0.000628 -0.000007 -0.000003 0.002424
24800 0.000002 -0.000093 0.000018 0.000609 -0.000006 -0.000003 0.002418
24900 -0.000004 -0.000096 0.000012 0.000606 -0.000006 -0.000003 0.002412
25000 -0.000010 -0.000099 0.000007 0.000579 -0.000005 -0.000003 0.002408
25100 -0.000014 -0.000102 0.000002 0.000583 -0.000004 -0.000003 0.002402
25200 -0.000018 -0.000105 0.000002 0.000556 -0.000003 -0.000003 0.002402
25300 -0.000021 -0.000108 -0.000005 0.000557 -0.000003 -0.000003 0.002395
25400 -0.000023 -0.000110 -0.000005 0.000541 -0.000001 -0.000003 0.002395
25500 -0.000024 -0.000113 -0.000009 0.000523 -0.000001 -0.000003 0.002391
25600 -0.000024 -0.000116 -0.000006 0.000526 0.000000 -0.000003 0.002394
25700 -0.000023 -0.000119 -0.000008 0.000487 0.000001 -0.000003 0.002392
25800 -0.000022 -0.000122 -0.000001 0.000504 0.000002 -0.000003 0.002399
25900 -0.000019 -0.000125 -0.000005 0.000470 0.000003 -0.000003 0.002395
26000 -0.000016 -0.000128 0.000009 0.000465 0.000004 -0.000003 0.002409
26100 -0.000011 -0.000131 0.000003 0.000471 0.000005 -0.000003 0.002403
26200 -0.000006 -0.000134 0.000020 0.000418 0.000005 -0.000003 0.002420
26300 -0.000001 -0.000137 -0.000004 0.000457 0.000006 -0.000003 0.002396
26400 0.000006 -0.000140 0.000034 0.000408 0.000007 -0.000003 0.002434
26500 0.000012 -0.000143 0.000021 0.000389 0.000007 -0.000003 0.002421
26600 0.000020 -0.000146 0.000049 0.000433 0.000007 -0.000003 0.002450
26700 0.000027 -0.000149 0.000036 0.000334 0.000007 -0.000003 0.002436
26800 0.000035 -0.000152 0.000066 0.000383 0.000008 -0.000003 0.002466
26900 0.000042 -0.000154 0.000052 0.000377 0.000008 -0.000003 0.002452
27000 0.000050 -0.000157 0.000056 0.000257 0.000008 -0.000003 0.002456
27100 0.000057 -0.000160 0.000066 0.000373 0.000007 -0.000003 0.002466
27200 0.000064 -0.000162 0.000091 0.000285 0.000007 -0.000003 0.002491
27300 0.000071 -0.000165 0.000079 0.000165 0.000007 -0.000003 0.002479
27400 0.000078 -0.000167 0.000107 0.000359 0.000006 -0.000003 0.002507
27500 0.000083 -0.000170 0.000091 0.000144 0.000005 -0.000002 0.002491
27600 0.000089 -0.000172 0.000118 0.000021 0.000005 -0.000002 0.002518
27700 0.000093 -0.000175 0.000099 0.000351 0.000004 -0.000002 0.002499
27800 0.000097 -0.000177 0.000125 -0.000018 0.000003 -0.000002 0.002525
27900 0.000099 -0.000180 0.000103 -0.000286 0.000002 -0.000002 0.002503
