0 0.035374 0.002000 0.000000 0.002400 0.000000 1.644802e-005
100 0.037374 0.002002 0.000001 0.002417 0.000000 1.644849e-005
200 0.039376 0.002003 0.000000 0.002402 0.000000 1.644891e-005
300 0.041379 0.002005 0.000001 0.002421 0.000000 1.644932e-005
400 0.043384 0.002006 0.000000 0.002408 0.000000 1.644980e-005
500 0.045390 0.002008 0.000001 0.002428 0.000000 1.645040e-005
600 0.047399 0.002009 0.000001 0.002417 0.000000 1.645094e-005
700 0.049408 0.002012 0.000002 0.002438 0.000000 1.645160e-005
800 0.051420 0.002012 0.000002 0.002429 0.000000 1.645201e-005
900 0.053433 0.002015 0.000003 0.002450 0.000000 1.645271e-005
1000 0.055449 0.002016 0.000002 0.002443 0.000000 1.645334e-005
1100 0.057465 0.002020 0.000004 0.002464 0.000000 1.645407e-005
1200 0.059485 0.002020 0.000003 0.002458 0.000000 1.645473e-005
1300 0.061506 0.002024 0.000005 0.002479 0.000000 1.645513e-005
1400 0.063530 0.002024 0.000005 0.002473 0.000000 1.645579e-005
1500 0.065555 0.002029 0.000006 0.002493 0.000000 1.645654e-005
1600 0.067585 0.002029 0.000006 0.002488 0.000000 1.645719e-005
1700 0.069615 0.002034 0.000008 0.002507 0.000000 1.645791e-005
1800 0.071649 0.002034 0.000007 0.002502 0.000000 1.645865e-005
1900 0.073684 0.002040 0.000009 0.002519 0.000000 1.645935e-005
2000 0.075724 0.002040 0.000008 0.002513 0.000000 1.645994e-005
2100 0.077765 0.002046 0.000010 0.002527 0.000001 1.646058e-005
2200 0.079810 0.002045 0.000010 0.002521 0.000001 1.646112e-005
2300 0.081857 0.002052 0.000011 0.002533 0.000001 1.646163e-005
2400 0.083908 0.002051 0.000010 0.002525 0.000001 1.646211e-005
2500 0.085961 0.002058 0.000011 0.002535 0.000001 1.646263e-005
2600 0.088019 0.002058 0.000011 0.002526 0.000001 1.646304e-005
2700 0.090079 0.002065 0.000012 0.002534 0.000001 1.646349e-005
2800 0.092143 0.002064 0.000011 0.002523 0.000001 1.646426e-005
2900 0.094210 0.002072 0.000012 0.002528 0.000001 1.646464e-005
3000 0.096281 0.002071 0.000011 0.002517 0.000001 1.646493e-005
3100 0.098355 0.002080 0.000011 0.002520 0.000001 1.646524e-005
3200 0.100434 0.002079 0.000010 0.002508 0.000001 1.646546e-005
3300 0.102515 0.002087 0.000011 0.002508 0.000002 1.646576e-005
3400 0.104601 0.002087 0.000009 0.002496 0.000002 1.646595e-005
3500 0.106690 0.002095 0.000009 0.002494 0.000002 1.646617e-005
3600 0.108784 0.002094 0.000008 0.002482 0.000002 1.646632e-005
3700 0.110882 0.002103 0.000008 0.002479 0.000002 1.646651e-005
3800 0.112984 0.002102 0.000007 0.002468 0.000002 1.646678e-005
3900 0.115089 0.002112 0.000007 0.002462 0.000002 1.646697e-005
4000 0.117200 0.002110 0.000005 0.002453 0.000002 1.646709e-005
4100 0.119314 0.002121 0.000005 0.002447 0.000002 1.646727e-005
4200 0.121434 0.002119 0.000004 0.002439 0.000003 1.646728e-005
4300 0.123557 0.002130 0.000003 0.002433 0.000003 1.646748e-005
4400 0.125685 0.002128 0.000002 0.002426 0.000003 1.646765e-005
4500 0.127817 0.002139 0.000002 0.002421 0.000003 1.646787e-005
4600 0.129954 0.002137 0.000001 0.002416 0.000003 1.646810e-005
4700 0.132096 0.002148 0.000001 0.002413 0.000003 1.646791e-005
4800 0.134242 0.002147 0.000000 0.002409 0.000003 1.646820e-005
4900 0.136394 0.002158 0.000000 0.002407 0.000003 1.646853e-005
5000 0.138550 0.002157 -0.000000 0.002406 0.000003 1.646889e-005
5100 0.140711 0.002168 -0.000000 0.002405 0.000003 1.646928e-005
5200 0.142877 0.002167 -0.000000 0.002406 0.000004 1.646938e-005
5300 0.145049 0.002178 0.000000 0.002407 0.000004 1.646984e-005
5400 0.147225 0.002177 0.000001 0.002410 0.000004 1.647033e-005
5500 0.149407 0.002189 0.000001 0.002411 0.000004 1.647086e-005
5600 0.151594 0.002185 0.000002 0.002411 0.000005 1.647067e-005
5700 0.153787 0.002200 0.000002 0.002420 0.000005 1.647132e-005
5800 0.155985 0.002198 0.000003 0.002425 0.000005 1.647190e-005
5900 0.158189 0.002211 0.000004 0.002431 0.000005 1.647256e-005
6000 0.160398 0.002209 0.000006 0.002440 0.000005 1.647320e-005
6100 0.162614 0.002222 0.000006 0.002445 0.000006 1.647340e-005
6200 0.164834 0.002221 0.000008 0.002455 0.000006 1.647408e-005
6300 0.167062 0.002234 0.000009 0.002460 0.000006 1.647478e-005
6400 0.169294 0.002233 0.000011 0.002472 0.000006 1.647549e-005
6500 0.171534 0.002246 0.000012 0.002475 0.000006 1.647619e-005
6600 0.173779 0.002245 0.000014 0.002487 0.000007 1.647643e-005
6700 0.176032 0.002260 0.000015 0.002490 0.000007 1.647711e-005
6800 0.178290 0.002259 0.000017 0.002502 0.000007 1.647781e-005
6900 0.180556 0.002273 0.000017 0.002503 0.000007 1.647847e-005
7000 0.182827 0.002272 0.000020 0.002514 0.000008 1.647890e-005
7100 0.185107 0.002286 0.000020 0.002514 0.000008 1.647954e-005
7200 0.187391 0.002286 0.000022 0.002524 0.000008 1.648017e-005
7300 0.189685 0.002300 0.000022 0.002521 0.000009 1.648075e-005
7400 0.191983 0.002300 0.000024 0.002530 0.000009 1.648126e-005
7500 0.194292 0.002315 0.000023 0.002526 0.000010 1.648177e-005
7600 0.196605 0.002316 0.000025 0.002534 0.000010 1.648228e-005
7700 0.198928 0.002330 0.000024 0.002526 0.000010 1.648272e-005
7800 0.201255 0.002331 0.000025 0.002533 0.000010 1.648317e-005
7900 0.203594 0.002345 0.000023 0.002524 0.000011 1.648333e-005
8000 0.205937 0.002348 0.000025 0.002529 0.000011 1.648370e-005
8100 0.208291 0.002360 0.000023 0.002517 0.000011 1.648400e-005
8200 0.210649 0.002363 0.000024 0.002521 0.000012 1.648431e-005
8300 0.213019 0.002375 0.000021 0.002508 0.000013 1.648406e-005
8400 0.215393 0.002378 0.000022 0.002510 0.000013 1.648432e-005
8500 0.217779 0.002391 0.000019 0.002495 0.000013 1.648450e-005
8600 0.220169 0.002395 0.000020 0.002497 0.000013 1.648472e-005
8700 0.222571 0.002407 0.000016 0.002481 0.000014 1.648450e-005
8800 0.224978 0.002411 0.000017 0.002483 0.000014 1.648469e-005
8900 0.227397 0.002423 0.000013 0.002466 0.000014 1.648481e-005
9000 0.229820 0.002428 0.000014 0.002467 0.000015 1.648499e-005
9100 0.232256 0.002440 0.000009 0.002450 0.000015 1.648510e-005
9200 0.234696 0.002446 0.000010 0.002452 0.000016 1.648508e-005
9300 0.237150 0.002459 0.000006 0.002435 0.000016 1.648521e-005
9400 0.239607 0.002463 0.000007 0.002438 0.000016 1.648540e-005
9500 0.242078 0.002477 0.000003 0.002421 0.000016 1.648555e-005
9600 0.244552 0.002479 0.000004 0.002426 0.000017 1.648557e-005
9700 0.247041 0.002492 0.000000 0.002411 0.000018 1.648576e-005
9800 0.249533 0.002498 0.000002 0.002417 0.000018 1.648607e-005
9900 0.252039 0.002510 -0.000002 0.002404 0.000018 1.648631e-005
10000 0.254549 0.002517 0.000001 0.002411 0.000019 1.648637e-005
10100 0.257074 0.002529 -0.000003 0.002401 0.000020 1.648667e-005
10200 0.259603 0.002536 0.000000 0.002409 0.000020 1.648711e-005
10300 0.262146 0.002547 -0.000003 0.002400 0.000020 1.648747e-005
10400 0.264693 0.002553 0.000000 0.002410 0.000022 1.648753e-005
10500 0.267255 0.002565 -0.000002 0.002404 0.000022 1.648797e-005
10600 0.269821 0.002573 0.000002 0.002415 0.000022 1.648853e-005
10700 0.272403 0.002585 -0.000000 0.002410 0.000023 1.648903e-005
10800 0.274988 0.002593 0.000004 0.002424 0.000024 1.648914e-005
10900 0.277589 0.002605 0.000003 0.002421 0.000024 1.648971e-005
11000 0.280195 0.002613 0.000007 0.002435 0.000025 1.649038e-005
11100 0.282816 0.002625 0.000006 0.002433 0.000025 1.649098e-005
11200 0.285441 0.002633 0.000011 0.002448 0.000027 1.649123e-005
11300 0.288084 0.002649 0.000010 0.002444 0.000028 1.649190e-005
11400 0.290730 0.002654 0.000016 0.002464 0.000028 1.649260e-005
11500 0.293393 0.002668 0.000015 0.002460 0.000030 1.649285e-005
11600 0.296061 0.002677 0.000021 0.002479 0.000030 1.649357e-005
11700 0.298746 0.002690 0.000020 0.002475 0.000031 1.649424e-005
11800 0.301435 0.002698 0.000025 0.002494 0.000032 1.649498e-005
11900 0.304142 0.002713 0.000024 0.002489 0.000034 1.649506e-005
12000 0.306853 0.002720 0.000030 0.002507 0.000034 1.649576e-005
12100 0.309584 0.002735 0.000028 0.002502 0.000035 1.649637e-005
12200 0.312318 0.002743 0.000034 0.002519 0.000036 1.649705e-005
12300 0.315071 0.002758 0.000032 0.002512 0.000038 1.649697e-005
12400 0.317829 0.002767 0.000037 0.002527 0.000038 1.649762e-005
12500 0.320606 0.002781 0.000035 0.002520 0.000039 1.649811e-005
12600 0.323388 0.002795 0.000039 0.002531 0.000041 1.649813e-005
12700 0.326189 0.002805 0.000036 0.002524 0.000042 1.649861e-005
12800 0.328995 0.002818 0.000041 0.002533 0.000043 1.649909e-005
12900 0.331821 0.002829 0.000037 0.002524 0.000043 1.649946e-005
13000 0.334652 0.002843 0.000040 0.002531 0.000046 1.649965e-005
13100 0.337503 0.002854 0.000036 0.002521 0.000046 1.649995e-005
13200 0.340360 0.002868 0.000039 0.002525 0.000047 1.650031e-005
13300 0.343236 0.002879 0.000034 0.002514 0.000047 1.650054e-005
13400 0.346118 0.002894 0.000036 0.002516 0.000050 1.650028e-005
13500 0.349020 0.002905 0.000031 0.002504 0.000050 1.650045e-005
13600 0.351929 0.002920 0.000033 0.002504 0.000051 1.650070e-005
13700 0.354857 0.002932 0.000027 0.002491 0.000053 1.650005e-005
13800 0.357792 0.002946 0.000028 0.002489 0.000054 1.650026e-005
13900 0.360747 0.002959 0.000022 0.002475 0.000054 1.650038e-005
14000 0.363708 0.002973 0.000023 0.002464 0.000057 1.649988e-005
14100 0.366690 0.002986 0.000017 0.002459 0.000057 1.649998e-005
14200 0.369678 0.003001 0.000018 0.002454 0.000057 1.650012e-005
14300 0.372687 0.003013 0.000011 0.002444 0.000058 1.650024e-005
14400 0.375702 0.003029 0.000012 0.002441 0.000060 1.650002e-005
14500 0.378738 0.003041 0.000006 0.002430 0.000061 1.650018e-005
14600 0.381781 0.003056 0.000007 0.002429 0.000061 1.650037e-005
14700 0.384845 0.003068 0.000001 0.002419 0.000064 1.649979e-005
14800 0.387916 0.003083 0.000003 0.002419 0.000064 1.650006e-005
14900 0.391007 0.003096 -0.000002 0.002410 0.000064 1.650024e-005
15000 0.394106 0.003114 -0.000000 0.002409 0.000067 1.649954e-005
15100 0.397226 0.003124 -0.000005 0.002405 0.000067 1.649984e-005
15200 0.400353 0.003141 -0.000002 0.002405 0.000068 1.650019e-005
15300 0.403501 0.003152 -0.000006 0.002403 0.000068 1.650051e-005
15400 0.406657 0.003168 -0.000003 0.002399 0.000071 1.650047e-005
15500 0.409834 0.003181 -0.000005 0.002404 0.000072 1.650084e-005
15600 0.413020 0.003197 -0.000002 0.002403 0.000072 1.650135e-005
15700 0.416226 0.003211 -0.000003 0.002409 0.000075 1.650077e-005
15800 0.419441 0.003225 0.000001 0.002410 0.000076 1.650133e-005
15900 0.422678 0.003241 0.000000 0.002418 0.000076 1.650185e-005
16000 0.425923 0.003256 0.000005 0.002421 0.000080 1.650169e-005
16100 0.429190 0.003272 0.000005 0.002428 0.000080 1.650227e-005
16200 0.432466 0.003287 0.000011 0.002434 0.000081 1.650293e-005
16300 0.435765 0.003304 0.000011 0.002442 0.000085 1.650271e-005
16400 0.439072 0.003318 0.000017 0.002449 0.000085 1.650329e-005
16500 0.442402 0.003336 0.000017 0.002457 0.000086 1.650392e-005
16600 0.445742 0.003350 0.000024 0.002464 0.000090 1.650381e-005
16700 0.449104 0.003368 0.000025 0.002472 0.000091 1.650445e-005
16800 0.452476 0.003383 0.000031 0.002480 0.000092 1.650519e-005
16900 0.455872 0.003402 0.000032 0.002488 0.000097 1.650511e-005
17000 0.459278 0.003416 0.000038 0.002495 0.000098 1.650578e-005
17100 0.462707 0.003436 0.000038 0.002502 0.000099 1.650641e-005
17200 0.466147 0.003451 0.000045 0.002508 0.000103 1.650631e-005
17300 0.469611 0.003470 0.000045 0.002514 0.000105 1.650688e-005
17400 0.473086 0.003486 0.000050 0.002519 0.000106 1.650742e-005
17500 0.476586 0.003506 0.000049 0.002523 0.000111 1.650735e-005
17600 0.480096 0.003522 0.000054 0.002527 0.000112 1.650785e-005
17700 0.483631 0.003541 0.000053 0.002528 0.000114 1.650831e-005
17800 0.487178 0.003559 0.000057 0.002530 0.000118 1.650819e-005
17900 0.490749 0.003577 0.000054 0.002530 0.000120 1.650860e-005
18000 0.494333 0.003596 0.000057 0.002530 0.000121 1.650904e-005
18100 0.497942 0.003615 0.000054 0.002528 0.000126 1.650875e-005
18200 0.501563 0.003634 0.000056 0.002526 0.000127 1.650913e-005
18300 0.505209 0.003654 0.000052 0.002518 0.000132 1.650828e-005
18400 0.508868 0.003669 0.000053 0.002513 0.000134 1.650868e-005
18500 0.512553 0.003690 0.000048 0.002511 0.000135 1.650889e-005
18600 0.516250 0.003706 0.000048 0.002504 0.000140 1.650835e-005
18700 0.519973 0.003731 0.000042 0.002501 0.000141 1.650852e-005
18800 0.523709 0.003746 0.000042 0.002492 0.000142 1.650872e-005
18900 0.527471 0.003767 0.000035 0.002487 0.000147 1.650788e-005
19000 0.531246 0.003788 0.000035 0.002478 0.000148 1.650803e-005
19100 0.535047 0.003806 0.000028 0.002472 0.000148 1.650815e-005
19200 0.538861 0.003827 0.000027 0.002461 0.000153 1.650737e-005
19300 0.542702 0.003848 0.000020 0.002456 0.000154 1.650745e-005
19400 0.546557 0.003870 0.000019 0.002444 0.000158 1.650685e-005
19500 0.550436 0.003886 0.000012 0.002441 0.000159 1.650694e-005
19600 0.554332 0.003910 0.000011 0.002431 0.000159 1.650712e-005
19700 0.558252 0.003928 0.000005 0.002426 0.000163 1.650620e-005
19800 0.562187 0.003949 0.000004 0.002419 0.000163 1.650638e-005
19900 0.566148 0.003968 -0.000002 0.002414 0.000168 1.650555e-005
20000 0.570124 0.003991 -0.000002 0.002409 0.000168 1.650580e-005
20100 0.574126 0.004010 -0.000006 0.002405 0.000167 1.650604e-005
20200 0.578143 0.004029 -0.000006 0.002398 0.000172 1.650607e-005
20300 0.582186 0.004052 -0.000009 0.002400 0.000171 1.650629e-005
20400 0.586245 0.004073 -0.000008 0.002394 0.000175 1.650565e-005
20500 0.590329 0.004093 -0.000010 0.002399 0.000175 1.650600e-005
20600 0.594431 0.004116 -0.000008 0.002396 0.000174 1.650646e-005
20700 0.598558 0.004136 -0.000009 0.002402 0.000179 1.650540e-005
20800 0.602701 0.004157 -0.000005 0.002401 0.000178 1.650597e-005
20900 0.606872 0.004178 -0.000005 0.002409 0.000182 1.650552e-005
21000 0.611059 0.004201 -0.000000 0.002410 0.000181 1.650611e-005
21100 0.615272 0.004222 0.000001 0.002418 0.000180 1.650670e-005
21200 0.619504 0.004246 0.000006 0.002417 0.000185 1.650643e-005
21300 0.623762 0.004268 0.000009 0.002430 0.000184 1.650702e-005
21400 0.628039 0.004288 0.000014 0.002431 0.000188 1.650687e-005
21500 0.632341 0.004312 0.000018 0.002444 0.000187 1.650748e-005
21600 0.636664 0.004338 0.000024 0.002446 0.000192 1.650688e-005
21700 0.641013 0.004359 0.000028 0.002459 0.000191 1.650758e-005
21800 0.645382 0.004384 0.000035 0.002462 0.000190 1.650825e-005
21900 0.649779 0.004404 0.000038 0.002477 0.000195 1.650772e-005
22000 0.654195 0.004431 0.000045 0.002478 0.000194 1.650845e-005
22100 0.658640 0.004454 0.000048 0.002493 0.000199 1.650805e-005
22200 0.663105 0.004480 0.000055 0.002492 0.000198 1.650875e-005
22300 0.667599 0.004502 0.000057 0.002507 0.000203 1.650841e-005
22400 0.672113 0.004529 0.000063 0.002504 0.000202 1.650906e-005
22500 0.676657 0.004553 0.000065 0.002517 0.000201 1.650964e-005
22600 0.681222 0.004580 0.000070 0.002514 0.000206 1.650901e-005
22700 0.685817 0.004607 0.000071 0.002523 0.000205 1.650960e-005
22800 0.690434 0.004632 0.000075 0.002520 0.000210 1.650911e-005
22900 0.695079 0.004660 0.000075 0.002523 0.000209 1.650961e-005
23000 0.699749 0.004683 0.000077 0.002521 0.000214 1.650886e-005
23100 0.704446 0.004713 0.000077 0.002524 0.000212 1.650923e-005
23200 0.709169 0.004739 0.000077 0.002518 0.000217 1.650830e-005
23300 0.713920 0.004760 0.000075 0.002513 0.000215 1.650860e-005
23400 0.718697 0.004791 0.000074 0.002513 0.000220 1.650753e-005
23500 0.723501 0.004813 0.000071 0.002510 0.000218 1.650784e-005
23600 0.728332 0.004847 0.000068 0.002505 0.000222 1.650678e-005
23700 0.733192 0.004869 0.000064 0.002502 0.000219 1.650701e-005
23800 0.738077 0.004901 0.000060 0.002494 0.000223 1.650604e-005
23900 0.742991 0.004924 0.000055 0.002490 0.000220 1.650624e-005
24000 0.747933 0.004960 0.000050 0.002480 0.000222 1.650531e-005
24100 0.752902 0.004982 0.000045 0.002475 0.000219 1.650549e-005
24200 0.757899 0.005016 0.000039 0.002466 0.000221 1.650444e-005
24300 0.762925 0.005037 0.000033 0.002460 0.000217 1.650469e-005
24400 0.767978 0.005082 0.000028 0.002449 0.000218 1.650369e-005
24500 0.773060 0.005096 0.000022 0.002444 0.000214 1.650399e-005
24600 0.778169 0.005136 0.000016 0.002436 0.000214 1.650320e-005
24700 0.783308 0.005150 0.000011 0.002429 0.000208 1.650350e-005
24800 0.788475 0.005195 0.000005 0.002423 0.000207 1.650289e-005
24900 0.793670 0.005209 0.000001 0.002417 0.000201 1.650323e-005
25000 0.798895 0.005250 -0.000004 0.002413 0.000199 1.650308e-005
25100 0.804147 0.005264 -0.000007 0.002407 0.000192 1.650348e-005
25200 0.809430 0.005310 -0.000011 0.002406 0.000189 1.650334e-005
25300 0.814740 0.005324 -0.000013 0.002400 0.000180 1.650384e-005
25400 0.820082 0.005362 -0.000016 0.002406 0.000177 1.650360e-005
25500 0.825450 0.005379 -0.000016 0.002394 0.000167 1.650431e-005
25600 0.830851 0.005425 -0.000018 0.002404 0.000162 1.650470e-005
25700 0.836279 0.005440 -0.000016 0.002395 0.000151 1.650541e-005
25800 0.841740 0.005483 -0.000016 0.002407 0.000146 1.650573e-005
25900 0.847228 0.005500 -0.000013 0.002398 0.000134 1.650653e-005
26000 0.852750 0.005543 -0.000012 0.002414 0.000127 1.650633e-005
26100 0.858298 0.005558 -0.000006 0.002405 0.000114 1.650723e-005
26200 0.863882 0.005606 -0.000004 0.002422 0.000106 1.650735e-005
26300 0.869493 0.005621 0.000003 0.002413 0.000097 1.650706e-005
26400 0.875139 0.005667 0.000006 0.002434 0.000084 1.650809e-005
26500 0.880813 0.005687 0.000014 0.002424 0.000074 1.650797e-005
26600 0.886523 0.005731 0.000018 0.002449 0.000060 1.650890e-005
26700 0.892262 0.005753 0.000027 0.002436 0.000049 1.650891e-005
26800 0.898037 0.005795 0.000032 0.002465 0.000034 1.650989e-005
26900 0.903841 0.005820 0.000041 0.002451 0.000022 1.650928e-005
27000 0.909682 0.005854 0.000046 0.002472 0.000009 1.650793e-005
27100 0.915553 0.005887 0.000055 0.002466 -0.000006 1.650929e-005
27200 0.921461 0.005922 0.000060 0.002492 -0.000019 1.650857e-005
27300 0.927400 0.005955 0.000068 0.002481 -0.000036 1.650977e-005
27400 0.933377 0.005993 0.000073 0.002504 -0.000049 1.650963e-005
27500 0.939386 0.006025 0.000080 0.002494 -0.000067 1.651082e-005
27600 0.945433 0.006064 0.000084 0.002515 -0.000082 1.651109e-005
27700 0.951513 0.006100 0.000089 0.002496 -0.000097 1.651110e-005
27800 0.957631 0.006134 0.000092 0.002525 -0.000116 1.651213e-005
27900 0.963783 0.006174 0.000096 0.002503 -0.000132 1.651168e-005
